[  2%] Built target freertos_printf
[ 11%] Built target bsp
[ 42%] Built target pmsis_implem
[ 47%] Built target ri5cy-gap9
[ 52%] Built target freertos_libs
[ 55%] Built target freertos_pmsis_backend
[ 69%] Built target pmsis_rtos
[ 79%] Built target freertos_gap9
[ 82%] Built target dt
[ 94%] Built target freertos
[ 95%] Building C object CMakeFiles/vq_block.dir/vq_block_kernels.c.obj
[ 97%] Linking C executable vq_block
[100%] Built target vq_block
[100%] Built target image
[100%] Built target flash


	 *** PMSIS HelloWorld ***

Entering main controller
SrcA=[1.000000, 2.000000, ];
[3.000000, 4.000000, ];
[5.000000, 6.000000, ];
[7.000000, 8.000000, ];
[9.000000, 10.000000, ];
[11.000000, 12.000000, ];
[13.000000, 14.000000, ];
[15.000000, 16.000000, ];
[17.000000, 18.000000, ];
[19.000000, 20.000000, ];
SrcB=[1.000000, 2.000000, ];
[3.000000, 4.000000, ];
[5.000000, 6.000000, ];
[7.000000, 8.000000, ];
[9.000000, 10.000000, ];
[11.000000, 12.000000, ];
[13.000000, 14.000000, ];
[15.000000, 16.000000, ];
[17.000000, 18.000000, ];
[19.000000, 20.000000, ];
SrcBTransposed=[1.000000, 3.000000, 5.000000, 7.000000, 9.000000, 11.000000, 13.000000, 15.000000, 17.000000, 19.000000, ];
[2.000000, 4.000000, 6.000000, 8.000000, 10.000000, 12.000000, 14.000000, 16.000000, 18.000000, 20.000000, ];
MatMul Result=[-10.000000, -22.000000, -34.000000, -46.000000, -58.000000, -70.000000, -82.000000, -94.000000, -106.000000, -118.000000, ];
[-22.000000, -50.000000, -78.000000, -106.000000, -134.000000, -162.000000, -190.000000, -218.000000, -246.000000, -274.000000, ];
[-34.000000, -78.000000, -122.000000, -166.000000, -210.000000, -254.000000, -298.000000, -342.000000, -386.000000, -430.000000, ];
[-46.000000, -106.000000, -166.000000, -226.000000, -286.000000, -346.000000, -406.000000, -466.000000, -526.000000, -586.000000, ];
[-58.000000, -134.000000, -210.000000, -286.000000, -362.000000, -438.000000, -514.000000, -590.000000, -666.000000, -742.000000, ];
[-70.000000, -162.000000, -254.000000, -346.000000, -438.000000, -530.000000, -622.000000, -714.000000, -806.000000, -898.000000, ];
[-82.000000, -190.000000, -298.000000, -406.000000, -514.000000, -622.000000, -730.000000, -838.000000, -946.000000, -1054.000000, ];
[-94.000000, -218.000000, -342.000000, -466.000000, -590.000000, -714.000000, -838.000000, -962.000000, -1086.000000, -1210.000000, ];
[-106.000000, -246.000000, -386.000000, -526.000000, -666.000000, -806.000000, -946.000000, -1086.000000, -1226.000000, -1366.000000, ];
[-118.000000, -274.000000, -430.000000, -586.000000, -742.000000, -898.000000, -1054.000000, -1210.000000, -1366.000000, -1522.000000, ];
Sum of 0 row is 5.000000
Sum of 1 row is 25.000000
Sum of 2 row is 61.000000
Sum of 3 row is 113.000000
Sum of 4 row is 181.000000
Sum of 5 row is 265.000000
Sum of 6 row is 365.000000
Sum of 7 row is 481.000000
Sum of 8 row is 613.000000
Sum of 9 row is 761.000000
Sum of 0 row is 5.000000
Sum of 1 row is 25.000000
Sum of 2 row is 61.000000
Sum of 3 row is 113.000000
Sum of 4 row is 181.000000
Sum of 5 row is 265.000000
Sum of 6 row is 365.000000
Sum of 7 row is 481.000000
Sum of 8 row is 613.000000
Sum of 9 row is 761.000000
Vector xTemp = 
5.000000
25.000000
61.000000
113.000000
181.000000
265.000000
365.000000
481.000000
613.000000
761.000000
Vector yTemp = 
5.000000
25.000000
61.000000
113.000000
181.000000
265.000000
365.000000
481.000000
613.000000
761.000000
SumResult=[10.000000, 30.000000, 66.000000, 118.000000, 186.000000, 270.000000, 370.000000, 486.000000, 618.000000, 766.000000, ];
[30.000000, 50.000000, 86.000000, 138.000000, 206.000000, 290.000000, 390.000000, 506.000000, 638.000000, 786.000000, ];
[66.000000, 86.000000, 122.000000, 174.000000, 242.000000, 326.000000, 426.000000, 542.000000, 674.000000, 822.000000, ];
[118.000000, 138.000000, 174.000000, 226.000000, 294.000000, 378.000000, 478.000000, 594.000000, 726.000000, 874.000000, ];
[186.000000, 206.000000, 242.000000, 294.000000, 362.000000, 446.000000, 546.000000, 662.000000, 794.000000, 942.000000, ];
[270.000000, 290.000000, 326.000000, 378.000000, 446.000000, 530.000000, 630.000000, 746.000000, 878.000000, 1026.000000, ];
[370.000000, 390.000000, 426.000000, 478.000000, 546.000000, 630.000000, 730.000000, 846.000000, 978.000000, 1126.000000, ];
[486.000000, 506.000000, 542.000000, 594.000000, 662.000000, 746.000000, 846.000000, 962.000000, 1094.000000, 1242.000000, ];
[618.000000, 638.000000, 674.000000, 726.000000, 794.000000, 878.000000, 978.000000, 1094.000000, 1226.000000, 1374.000000, ];
[766.000000, 786.000000, 822.000000, 874.000000, 942.000000, 1026.000000, 1126.000000, 1242.000000, 1374.000000, 1522.000000, ];
Result=[0.000000, 8.000000, 32.000000, 72.000000, 128.000000, 200.000000, 288.000000, 392.000000, 512.000000, 648.000000, ];
[8.000000, 0.000000, 8.000000, 32.000000, 72.000000, 128.000000, 200.000000, 288.000000, 392.000000, 512.000000, ];
[32.000000, 8.000000, 0.000000, 8.000000, 32.000000, 72.000000, 128.000000, 200.000000, 288.000000, 392.000000, ];
[72.000000, 32.000000, 8.000000, 0.000000, 8.000000, 32.000000, 72.000000, 128.000000, 200.000000, 288.000000, ];
[128.000000, 72.000000, 32.000000, 8.000000, 0.000000, 8.000000, 32.000000, 72.000000, 128.000000, 200.000000, ];
[200.000000, 128.000000, 72.000000, 32.000000, 8.000000, 0.000000, 8.000000, 32.000000, 72.000000, 128.000000, ];
[288.000000, 200.000000, 128.000000, 72.000000, 32.000000, 8.000000, 0.000000, 8.000000, 32.000000, 72.000000, ];
[392.000000, 288.000000, 200.000000, 128.000000, 72.000000, 32.000000, 8.000000, 0.000000, 8.000000, 32.000000, ];
[512.000000, 392.000000, 288.000000, 200.000000, 128.000000, 72.000000, 32.000000, 8.000000, 0.000000, 8.000000, ];
[648.000000, 512.000000, 392.000000, 288.000000, 200.000000, 128.000000, 72.000000, 32.000000, 8.000000, 0.000000, ];
Bye !
[100%] Built target run
